1.724153937438856588e+00 4.228955585650696847e+00 0.000000000000000000e+00
4.164665065849206371e+00 5.778174179099566210e+00 1.000000000000000000e+00
4.514411560566322201e+00 4.982749134740283026e+00 1.000000000000000000e+00
1.491027722177138415e+00 2.833514045114040591e+00 0.000000000000000000e+00
6.038636197438545850e+00 7.572984371288373318e+00 2.000000000000000000e+00
5.610449761529483936e+00 9.834283205251757920e+00 2.000000000000000000e+00
5.692028656336312942e+00 1.047239630672856947e+01 2.000000000000000000e+00
6.140172976132494576e+00 8.562091788984512064e+00 2.000000000000000000e+00
2.976200683673801528e+00 5.567764739655652662e+00 1.000000000000000000e+00
8.279800171630641970e+00 8.548244058404911527e+00 2.000000000000000000e+00
1.624715049909885689e+00 2.361269592545777840e+00 0.000000000000000000e+00
7.081083205797925828e+00 1.243266343179555911e+01 2.000000000000000000e+00
1.482905542079772099e+00 2.002973172349737041e+00 0.000000000000000000e+00
1.533845143174072057e+00 4.384991343648638740e+00 0.000000000000000000e+00
3.403913665412337863e+00 5.861623101341203679e+00 1.000000000000000000e+00
3.968182827301208526e+00 5.112487742414195679e+00 1.000000000000000000e+00
5.473964812017396930e+00 8.237915194754867443e+00 2.000000000000000000e+00
4.608783658908109260e+00 3.118589132833940347e+00 1.000000000000000000e+00
2.284748110849057934e+00 3.262467445463268501e+00 0.000000000000000000e+00
2.121821270991437025e+00 4.129483907911919438e+00 0.000000000000000000e+00
2.310272287783767364e+00 9.057521837771878026e-01 0.000000000000000000e+00
3.561799732661331319e+00 5.185535620966555292e+00 1.000000000000000000e+00
3.378748229569755068e+00 6.050614648867272294e+00 1.000000000000000000e+00
3.017839041971330794e+00 4.552691838246622602e+00 1.000000000000000000e+00
5.710869960525079669e+00 9.109782946112350288e+00 2.000000000000000000e+00
6.934659271559815430e-01 3.076380480159591979e+00 0.000000000000000000e+00
3.388779396370268593e+00 2.338655756846981237e+00 0.000000000000000000e+00
7.906261413418604000e+00 1.046662474027271372e+01 2.000000000000000000e+00
2.602319280295628978e+00 3.420282203647059482e+00 0.000000000000000000e+00
2.198299720126769774e+00 3.119008645807458624e+00 0.000000000000000000e+00
6.364912580852803536e+00 8.105629356191107249e+00 2.000000000000000000e+00
3.553300796522879779e+00 5.204377394921163358e+00 1.000000000000000000e+00
3.772747490639655421e+00 4.272523890280199410e+00 1.000000000000000000e+00
9.192893075544934511e-01 3.725474004481535761e+00 0.000000000000000000e+00
8.529247863401433705e+00 9.686482640131645283e+00 2.000000000000000000e+00
2.466643267228840752e+00 4.033686867939501042e+00 0.000000000000000000e+00
2.776120349424755496e+00 5.558264218567637194e+00 1.000000000000000000e+00
7.300253676320188845e+00 8.570404326099675174e+00 2.000000000000000000e+00
5.380354306179343737e+00 1.100514052554659195e+01 2.000000000000000000e+00
3.225155849273230846e+00 1.946453926299684944e+00 0.000000000000000000e+00
1.301638258333952969e+00 3.786661874171295405e+00 1.000000000000000000e+00
1.294159492597716010e+00 4.192686067754693546e+00 0.000000000000000000e+00
7.188553315280162614e+00 9.046831357997440648e+00 2.000000000000000000e+00
2.651303553202757790e+00 6.302535536486180590e+00 1.000000000000000000e+00
4.973793584166140036e+00 9.001054769941827516e+00 2.000000000000000000e+00
3.644586509507858452e+00 5.098942246032496683e+00 1.000000000000000000e+00
3.462107937044974104e+00 9.398592905023459565e-01 0.000000000000000000e+00
7.757328124297062644e+00 8.927107754788124794e+00 2.000000000000000000e+00
8.764285058812557594e+00 7.612522065505065605e+00 2.000000000000000000e+00
2.371670291211865234e+00 4.853009485069378570e+00 0.000000000000000000e+00
3.430851346488029474e+00 3.938203238689151675e+00 1.000000000000000000e+00
5.127751344950229218e+00 5.050293239027048742e+00 1.000000000000000000e+00
3.760249226449093207e+00 2.939347508225190087e+00 0.000000000000000000e+00
2.423494354064112954e+00 3.077340068348559221e+00 0.000000000000000000e+00
1.312827299880400478e+00 2.154794358501280538e+00 0.000000000000000000e+00
2.674396104820869091e+00 2.277608094585849230e+00 0.000000000000000000e+00
2.351116896510965226e+00 2.931229536921361678e+00 0.000000000000000000e+00
2.621803504305572297e+00 2.400195468929152476e+00 0.000000000000000000e+00
8.630629792139036027e+00 9.172816084103658341e+00 2.000000000000000000e+00
4.569124595824778368e+00 5.197315991747790243e+00 1.000000000000000000e+00
3.002379158161947448e+00 3.860299911967216335e+00 1.000000000000000000e+00
7.274412447540057336e-01 3.313547720463432267e+00 0.000000000000000000e+00
4.318014296419169007e+00 4.109728447891750847e+00 1.000000000000000000e+00
8.306830585767448483e+00 9.316714991538674440e+00 2.000000000000000000e+00
1.843006327506682140e+00 1.664797276984808505e+00 0.000000000000000000e+00
6.189859969356291458e+00 9.614662586125355404e+00 2.000000000000000000e+00
6.680719141251681314e+00 8.811333661094881364e+00 2.000000000000000000e+00
6.898290886238851449e+00 7.200700870448613955e+00 2.000000000000000000e+00
6.417807561873667410e+00 9.326812979119054603e+00 2.000000000000000000e+00
5.219874379030621014e+00 3.866207964606422021e+00 1.000000000000000000e+00
2.758805660097930712e+00 3.884908814464883342e+00 0.000000000000000000e+00
5.664304548301391407e+00 9.585952786519506219e+00 2.000000000000000000e+00
6.700846729139150248e+00 9.285491436161823486e+00 2.000000000000000000e+00
5.575139098345633926e+00 8.096557273640504704e+00 2.000000000000000000e+00
4.627177035391525806e+00 5.162808250306792246e+00 1.000000000000000000e+00
7.375235451102575723e+00 8.978053236168728191e+00 2.000000000000000000e+00
4.966220862578341055e+00 5.725916852520820832e+00 1.000000000000000000e+00
3.469880199799948439e+00 4.592759975988069066e+00 1.000000000000000000e+00
7.074876097888666671e+00 7.213064596220218228e+00 2.000000000000000000e+00
4.527950554332539568e+00 3.438880109341313052e+00 1.000000000000000000e+00
6.989473824578984917e+00 8.611759093010793009e+00 2.000000000000000000e+00
1.777671857389640842e+00 2.799241931070002742e+00 0.000000000000000000e+00
8.638961603153960667e+00 7.674508734305014457e+00 2.000000000000000000e+00
4.363347918574264739e+00 4.020279808555020651e+00 1.000000000000000000e+00
6.680483334827518327e-01 1.239311439601216591e+00 0.000000000000000000e+00
2.013352676347176740e+00 2.305306404712773816e+00 0.000000000000000000e+00
6.522350587463363603e-01 4.470739856691368530e+00 0.000000000000000000e+00
5.558688254522381023e+00 7.369730189064903847e+00 1.000000000000000000e+00
9.108748429998627216e+00 1.061356155109228716e+01 2.000000000000000000e+00
5.923815425970925475e+00 4.394018679461401788e+00 1.000000000000000000e+00
4.111337266382969702e+00 4.980477441679727058e+00 1.000000000000000000e+00
1.551261967328377178e+00 2.327551961213403686e+00 0.000000000000000000e+00
5.874547253749801357e+00 8.657429057687620499e+00 2.000000000000000000e+00
2.212262291582157925e+00 4.814189143219671507e+00 1.000000000000000000e+00
6.808970828600392267e+00 8.213878729759832353e+00 2.000000000000000000e+00
1.552871435214001838e+00 4.224507704805498420e+00 0.000000000000000000e+00
4.876199862650357986e+00 5.123255463572792934e+00 1.000000000000000000e+00
2.584646610477426165e+00 3.324274243448420929e+00 0.000000000000000000e+00
5.161285693341807423e+00 6.069965538950133244e+00 1.000000000000000000e+00
2.120158952481629111e+00 3.617203109707419095e+00 0.000000000000000000e+00
4.851789637515316223e+00 6.634602501369414540e+00 1.000000000000000000e+00
8.604323943116341411e+00 8.733509439093909421e+00 2.000000000000000000e+00
1.420181355532479373e-01 4.236164030452820306e+00 0.000000000000000000e+00
1.923197978076446102e+00 5.947501167345675910e+00 1.000000000000000000e+00
4.032615483156676284e+00 3.722363664918765025e+00 1.000000000000000000e+00
7.873674222667005118e+00 9.933253296585997205e+00 2.000000000000000000e+00
9.172270515821457693e+00 8.174346109069468014e+00 2.000000000000000000e+00
3.624345363663241670e+00 2.388243586349924730e+00 0.000000000000000000e+00
4.387734662742950320e+00 4.645201237989326160e+00 1.000000000000000000e+00
8.177070220220244323e+00 1.064005736764907262e+01 2.000000000000000000e+00
3.160011085387752772e+00 2.701794119462148203e+00 1.000000000000000000e+00
7.799240871135520337e+00 1.033153252357892882e+01 2.000000000000000000e+00
1.328753869163180834e+00 2.987335401081098851e+00 0.000000000000000000e+00
4.779491866052211435e+00 3.913699092789108214e+00 1.000000000000000000e+00
8.835299821152555744e-01 3.080927100973278598e+00 0.000000000000000000e+00
6.499289634406473226e+00 7.976637798513152688e+00 2.000000000000000000e+00
6.389536756557582464e+00 7.943827863594191463e+00 2.000000000000000000e+00
7.903709433217955826e+00 8.435836069454616393e+00 2.000000000000000000e+00
6.970064123164750214e+00 8.291063286359424467e+00 2.000000000000000000e+00
4.829288940922929818e+00 8.384508360574244534e+00 2.000000000000000000e+00
2.528879745585173922e+00 7.629134888875293008e-01 0.000000000000000000e+00
2.350545978664107416e+00 1.687716588762568248e+00 0.000000000000000000e+00
3.107353326487115819e+00 4.838801680458762355e+00 1.000000000000000000e+00
2.520576337073370699e+00 1.855658610376857309e+00 0.000000000000000000e+00
5.175244992708053715e+00 6.119899003556138695e+00 1.000000000000000000e+00
2.515073613639365657e+00 2.174655323470773283e-01 0.000000000000000000e+00
1.084208150931320835e+00 2.592747956980034019e+00 0.000000000000000000e+00
8.688383782995005689e+00 9.237324363963193008e+00 2.000000000000000000e+00
9.039672265706624188e+00 1.059677189802165209e+01 2.000000000000000000e+00
3.197830841721251094e+00 4.704594171372407096e+00 0.000000000000000000e+00
1.148544343469173334e+00 4.000881423680301197e+00 0.000000000000000000e+00
4.398598388161437001e+00 4.807996303368955893e+00 1.000000000000000000e+00
1.893539878444460145e+00 2.090035933061535900e-01 0.000000000000000000e+00
4.183633574258120547e+00 4.913573126158191862e+00 1.000000000000000000e+00
4.426924328825684540e+00 4.641411202334695396e+00 1.000000000000000000e+00
6.373543453669950232e+00 7.681477488595452208e+00 2.000000000000000000e+00
6.037337435620005799e+00 7.748042567592673180e+00 2.000000000000000000e+00
5.623462103293086045e+00 6.156443606393646739e+00 1.000000000000000000e+00
3.860648194549078926e+00 4.271462510575298133e+00 1.000000000000000000e+00
8.400617885804690488e+00 7.499823116505208276e+00 2.000000000000000000e+00
7.341688598872886828e+00 8.874827335412971863e+00 2.000000000000000000e+00
3.208456328551962944e+00 4.115701802784486496e+00 0.000000000000000000e+00
8.308932334281500687e+00 9.733072560542446183e+00 2.000000000000000000e+00
6.620311044549753277e+00 8.628968482105193516e+00 2.000000000000000000e+00
6.575016804901542500e+00 1.045167890831793400e+01 2.000000000000000000e+00
2.077821127912705901e+00 3.618380261998524361e+00 0.000000000000000000e+00
2.648643644090667326e+00 3.107343293823589647e+00 0.000000000000000000e+00
3.849495674349548313e+00 5.915499268062572646e+00 1.000000000000000000e+00
5.897030451075628399e+00 9.759493592995093891e+00 2.000000000000000000e+00
3.651528859880702083e+00 5.537705087440887297e+00 1.000000000000000000e+00
2.676254588771445952e+00 5.216332957620473998e+00 1.000000000000000000e+00
3.308731043237837621e+00 6.142563920005221334e+00 1.000000000000000000e+00
3.800439282003783337e+00 4.345396831475022204e+00 1.000000000000000000e+00
3.477643534864304886e+00 4.630744098171032164e+00 1.000000000000000000e+00
2.451615950555241508e+00 4.104174326303213327e+00 0.000000000000000000e+00
2.488518146537496811e+00 2.924428286978944413e+00 0.000000000000000000e+00
6.140628683082123729e+00 1.003000248856671028e+01 2.000000000000000000e+00
2.909661667545185182e+00 6.700188146645525755e+00 1.000000000000000000e+00
3.011035542908462315e+00 4.050136140512340610e+00 1.000000000000000000e+00
2.280665077122638884e+00 2.926887296252722148e+00 0.000000000000000000e+00
3.386314264246318650e+00 3.548129584688193283e+00 0.000000000000000000e+00
5.033450803264237550e+00 4.853726725388646024e+00 1.000000000000000000e+00
5.965537018800051605e+00 8.660640229418728353e+00 2.000000000000000000e+00
3.990798455756600305e+00 5.666610685406110903e+00 1.000000000000000000e+00
3.954133313930232596e+00 4.781266541032290540e+00 1.000000000000000000e+00
3.687396986334928073e+00 5.101203086498319550e+00 1.000000000000000000e+00
4.276102753923274769e+00 4.752983509114264926e+00 1.000000000000000000e+00
7.774534523528979335e+00 7.762835299068621353e+00 2.000000000000000000e+00
5.018552474767881577e+00 6.230558199954725040e+00 1.000000000000000000e+00
1.222141173372587097e+00 4.115841107924168796e+00 0.000000000000000000e+00
6.490331259386253215e+00 9.423773430194504641e+00 2.000000000000000000e+00
8.398298950177238709e-01 4.350106818681726217e+00 0.000000000000000000e+00
3.011207063774908654e+00 1.523437339479819741e+00 0.000000000000000000e+00
6.110669086025485086e+00 9.121254953703578749e+00 2.000000000000000000e+00
7.715333449104773145e+00 9.439127373218802575e+00 2.000000000000000000e+00
6.438123653731141260e+00 9.320971083268766222e+00 2.000000000000000000e+00
2.120871088002842519e-01 3.361847315839568306e+00 0.000000000000000000e+00
3.169989014432326613e+00 3.980480150594283728e+00 1.000000000000000000e+00
3.496026050857682588e+00 5.017955891650826672e+00 1.000000000000000000e+00
1.762058064247817413e+00 4.155287886088225413e+00 0.000000000000000000e+00
1.890008509836393236e+00 3.008548945436024802e+00 0.000000000000000000e+00
7.477302396391884542e+00 8.759930433247209436e+00 2.000000000000000000e+00
2.447301216823164260e+00 5.578464420256241674e+00 1.000000000000000000e+00
7.127314635572088442e+00 8.929050325099140650e+00 2.000000000000000000e+00
3.522419145343278934e+00 5.025999994185657904e+00 1.000000000000000000e+00
3.123412162021935501e+00 3.305267040244010524e+00 0.000000000000000000e+00
1.543882444851314650e+00 2.020109748338199118e+00 0.000000000000000000e+00
7.720685934762169467e+00 7.454552362580206371e+00 2.000000000000000000e+00
2.810951672803555734e+00 4.044442094707259017e+00 0.000000000000000000e+00
7.363577885990443939e+00 8.133797319299057804e+00 2.000000000000000000e+00
2.142251372526317699e+00 3.513505479988547453e+00 0.000000000000000000e+00
4.288078167005150654e+00 6.498108183577033792e+00 1.000000000000000000e+00
4.789471275476753220e-02 1.597670854546863195e+00 0.000000000000000000e+00
3.605310319004442210e+00 3.828186620778877725e+00 1.000000000000000000e+00
4.393787731249318540e+00 4.771859309299543384e+00 1.000000000000000000e+00
2.852704061725286344e+00 3.035360097054757400e+00 0.000000000000000000e+00
8.084418563432880234e+00 8.889903041681337825e+00 2.000000000000000000e+00
4.065783320218834263e+00 1.528843074167375082e+00 0.000000000000000000e+00
8.147606674606771904e+00 8.485265077931678945e+00 2.000000000000000000e+00
1.813430228092651308e+00 2.898254127470854868e+00 0.000000000000000000e+00
5.872303262275326396e+00 5.767818128990862547e+00 1.000000000000000000e+00
6.158430662023510749e+00 5.846642549808951372e+00 2.000000000000000000e+00
6.627935318990040514e+00 9.084297390910290204e+00 2.000000000000000000e+00
6.733069704350255869e+00 9.709157171873052050e+00 2.000000000000000000e+00
3.642812474396983635e+00 4.478623614591962010e+00 1.000000000000000000e+00
5.290993371628489150e+00 5.079839611256286247e+00 1.000000000000000000e+00
4.312238689013000226e+00 4.806678359525996314e+00 1.000000000000000000e+00
1.884014814527603665e+00 2.824541031338247521e+00 0.000000000000000000e+00
6.234721737625886107e+00 5.046846204858301377e+00 1.000000000000000000e+00
3.460967419979962933e+00 5.644099987942935215e+00 1.000000000000000000e+00
7.291004542370391306e+00 1.007489974854510351e+01 2.000000000000000000e+00
6.426639270742872334e+00 8.882752322870441475e+00 2.000000000000000000e+00
2.792806865919347459e+00 2.376469270320208160e+00 0.000000000000000000e+00
5.862695588725887141e+00 8.196927333846522501e+00 2.000000000000000000e+00
2.868886157005867688e+00 3.750411639865008251e+00 0.000000000000000000e+00
6.390145962333511065e+00 5.245422849189119496e+00 1.000000000000000000e+00
2.818896827228177138e+00 4.540069895565419067e+00 1.000000000000000000e+00
6.427398182689366024e+00 7.350249695985327847e+00 2.000000000000000000e+00
2.901916854578968419e+00 5.758637063021448732e+00 1.000000000000000000e+00
2.808844360265681850e+00 4.789754683206271402e+00 0.000000000000000000e+00
4.410265745396844572e+00 5.859870971796912187e+00 1.000000000000000000e+00
8.865638970270097730e-01 2.932589975053145448e+00 0.000000000000000000e+00
1.169828104684885961e+00 2.119422400155829056e+00 0.000000000000000000e+00
7.047534622165100515e+00 9.233279727056041608e+00 2.000000000000000000e+00
1.975383044124221721e+00 2.224838380830840290e+00 0.000000000000000000e+00
3.508874862209181877e+00 5.134373116039754770e+00 1.000000000000000000e+00
6.678852019946705632e+00 9.033063905729459719e+00 2.000000000000000000e+00
2.461164099977017461e+00 1.824017328558684703e+00 0.000000000000000000e+00
2.016527567305615776e+00 3.177187720275960636e+00 0.000000000000000000e+00
5.448342360808181795e+00 1.042317718632576629e+01 2.000000000000000000e+00
8.007566985398126391e+00 8.959614792116383342e+00 2.000000000000000000e+00
8.993808227870787597e-01 4.144723709839613690e+00 0.000000000000000000e+00
2.042213746715592748e+00 3.582815213715822011e+00 0.000000000000000000e+00
2.024269858126163335e+00 4.411068823956255436e+00 1.000000000000000000e+00
3.086556590345226780e+00 4.376094847331337689e+00 1.000000000000000000e+00
4.984012236940240648e+00 4.440318578081443590e+00 1.000000000000000000e+00
1.252841706249162357e+00 4.692454601027746364e+00 0.000000000000000000e+00
3.866511330633939370e+00 6.986565110942399848e+00 1.000000000000000000e+00
4.755392029190855574e+00 5.700982121523244572e+00 1.000000000000000000e+00
1.668716830067371593e+00 3.386539145133091289e+00 0.000000000000000000e+00
2.503184813435326284e+00 4.293225882532262005e+00 0.000000000000000000e+00
6.658356748701290684e+00 8.427974112786905891e+00 2.000000000000000000e+00
6.195458414646557443e+00 8.353417784618613950e+00 2.000000000000000000e+00
4.208437146055346023e-01 2.171372021143594289e+00 0.000000000000000000e+00
2.838983413874505146e+00 3.931102081303557316e+00 0.000000000000000000e+00
6.593929098804511391e+00 8.311592456831407461e+00 2.000000000000000000e+00
3.168826596814597440e+00 4.436013541589843179e+00 1.000000000000000000e+00
1.813421006488533660e+00 2.943175519114152650e+00 0.000000000000000000e+00
3.865206870704276376e+00 6.049218290752567562e+00 1.000000000000000000e+00
7.928290214925066692e+00 9.083388837235910174e+00 2.000000000000000000e+00
4.275664075150071852e+00 3.236750199008768369e+00 1.000000000000000000e+00
4.568904090502716286e+00 6.928800305354117839e+00 1.000000000000000000e+00
4.410872937999070764e+00 5.191363915138920149e+00 1.000000000000000000e+00
4.800942009031200719e+00 9.930156997391700102e+00 2.000000000000000000e+00
4.964097564993009470e+00 8.339091523939927697e+00 2.000000000000000000e+00
7.750374811492497074e+00 8.917404761038325134e+00 2.000000000000000000e+00
4.321265914483831239e+00 4.274785074254634054e+00 1.000000000000000000e+00
4.209096676575520668e+00 6.555015994333088791e+00 1.000000000000000000e+00
8.491897360895258373e+00 9.030011526171675129e+00 2.000000000000000000e+00
3.828558812522466770e+00 5.186937045771995436e+00 1.000000000000000000e+00
5.495884765884476053e+00 5.675453809204212163e+00 1.000000000000000000e+00
4.482175748433459894e+00 3.120713008549831358e+00 1.000000000000000000e+00
2.618539130786293079e+00 2.556828069299362127e+00 0.000000000000000000e+00
7.078692049840686451e+00 7.806631309637072746e+00 2.000000000000000000e+00
9.608176779650969834e-01 3.733023231719078350e+00 0.000000000000000000e+00
8.569755509912193148e+00 8.632167798634112543e+00 2.000000000000000000e+00
4.186211698469604059e+00 5.858286000882207745e+00 1.000000000000000000e+00
4.185575406533160958e+00 1.603503664511862326e+00 0.000000000000000000e+00
1.299601495078745339e+00 2.796605551035441728e+00 0.000000000000000000e+00
6.068318437840363622e+00 7.932297657105644717e+00 2.000000000000000000e+00
7.334915143767059220e+00 1.070243004690794208e+01 2.000000000000000000e+00
6.120270198387775196e+00 1.115323346926295223e+01 2.000000000000000000e+00
2.056078241668212847e+00 3.825976323457155992e+00 1.000000000000000000e+00
4.265642402514284726e+00 4.739533941134619788e+00 1.000000000000000000e+00
1.501786436368921951e+00 2.689015021697149344e+00 0.000000000000000000e+00
1.575507209429072519e+00 2.268469018269666737e+00 0.000000000000000000e+00
7.507251584539372580e+00 8.883432575943254861e+00 2.000000000000000000e+00
8.301224837729161976e+00 8.687607884808564052e+00 2.000000000000000000e+00
2.623362176578032834e+00 2.565043317044772397e+00 0.000000000000000000e+00
8.812177091595016165e+00 8.482510177538024720e+00 2.000000000000000000e+00
3.745147052756110817e+00 4.859089247609841955e+00 1.000000000000000000e+00
4.494341650982378589e+00 3.505806234725315385e+00 1.000000000000000000e+00
8.272623331294493454e+00 8.001433585210795840e+00 2.000000000000000000e+00
2.617985533920334618e+00 2.815823674346254801e+00 0.000000000000000000e+00
2.440743597671481968e-01 3.714789597485815165e+00 0.000000000000000000e+00
6.212686458031687842e+00 9.246922731138756291e+00 2.000000000000000000e+00
6.857409708170354889e+00 9.265930144368251575e+00 2.000000000000000000e+00
2.661020287598693024e+00 4.792158208975567213e+00 0.000000000000000000e+00
4.450217742037845703e+00 5.627437082753110609e+00 1.000000000000000000e+00
5.387973809548965320e+00 5.226199756843156408e+00 1.000000000000000000e+00
7.496505038358279194e+00 9.075977290422722277e+00 2.000000000000000000e+00
1.879535428211492665e+00 1.766879264553573359e+00 0.000000000000000000e+00
5.068985971618918285e+00 4.790247064577445535e+00 1.000000000000000000e+00
5.803588981486496934e+00 4.547475026715974700e+00 1.000000000000000000e+00
2.685798967473178145e+00 4.758198134677127378e+00 1.000000000000000000e+00
4.490561043809639052e+00 3.604716974934673246e+00 1.000000000000000000e+00
4.995703941410504889e+00 4.371537447245209762e+00 1.000000000000000000e+00
1.717136448365155443e+00 2.733673115681280130e+00 0.000000000000000000e+00
8.256737470881333252e+00 9.739093836242624036e+00 2.000000000000000000e+00
1.191152803527871562e+00 3.557439452858033313e+00 0.000000000000000000e+00
4.104053389709089394e+00 5.528003422071836148e+00 1.000000000000000000e+00
2.510937774492089325e+00 4.710661838671135193e+00 0.000000000000000000e+00
7.956689489632061907e+00 8.918429980348300035e+00 2.000000000000000000e+00
6.268826797532442985e-01 3.315159392042291930e+00 0.000000000000000000e+00
2.242669441081794446e+00 3.201830178874004229e+00 0.000000000000000000e+00
7.893784105381040916e+00 9.949268086233381325e+00 2.000000000000000000e+00
3.683098803471653859e+00 5.640985866383505964e+00 1.000000000000000000e+00
6.242548966596840998e+00 8.637354081232574643e+00 2.000000000000000000e+00
1.808164447638385131e+00 2.112371035915163731e+00 0.000000000000000000e+00
7.953992230218347892e+00 8.236857398917322826e+00 2.000000000000000000e+00
7.652179635815028469e+00 8.768515169629170103e+00 2.000000000000000000e+00
1.047937899293740927e+00 2.481854447601245184e+00 0.000000000000000000e+00
4.240505552147362245e+00 4.000573498641820436e+00 1.000000000000000000e+00
1.732111920373984093e+00 3.530355466738186010e+00 0.000000000000000000e+00
1.656146324428924288e+00 3.043596856834247077e+00 0.000000000000000000e+00
8.636115122159953472e+00 9.427058537174179520e+00 2.000000000000000000e+00
7.378575576795828539e+00 8.460302347186814842e+00 2.000000000000000000e+00
3.098996332747179228e+00 2.098365509524001915e+00 0.000000000000000000e+00
5.177052255776641410e+00 4.358892184802110492e+00 1.000000000000000000e+00
3.309705905682653437e+00 1.845017365070635629e+00 0.000000000000000000e+00
4.355717261576017130e+00 5.849586845094822074e+00 1.000000000000000000e+00
8.314940787518025900e+00 8.981742464825952510e+00 2.000000000000000000e+00
6.192277633304936302e+00 1.023342490929926285e+01 2.000000000000000000e+00
6.373392555402947579e+00 9.772119677440699093e+00 2.000000000000000000e+00
2.590790723527808481e+00 6.130725354529131366e+00 1.000000000000000000e+00
7.308204133836398775e+00 1.011548937409480864e+01 2.000000000000000000e+00
7.216434264349266492e+00 8.176556095806640556e+00 2.000000000000000000e+00
6.614011906471255031e+00 7.255627625446107842e+00 2.000000000000000000e+00
1.877109774481351856e+00 2.064230565740931223e+00 0.000000000000000000e+00
8.848233367967901941e+00 9.922110368140561576e+00 2.000000000000000000e+00
4.677807571119811492e+00 3.893426932608115010e+00 1.000000000000000000e+00
1.748325792368575549e+00 3.382715173724363922e+00 0.000000000000000000e+00
2.616620647513836051e+00 5.717428622037057373e+00 1.000000000000000000e+00
4.051173442857444407e+00 3.585662000172382236e+00 0.000000000000000000e+00
7.520812198877738552e+00 9.058371883962996307e+00 2.000000000000000000e+00
6.378792661208925630e+00 8.683760672367780487e+00 2.000000000000000000e+00
4.036197462760434895e+00 7.029997487440461157e+00 1.000000000000000000e+00
6.541697961995245336e+00 7.447294125228248518e+00 2.000000000000000000e+00
4.448380650781687429e+00 6.125323498664253741e+00 1.000000000000000000e+00
4.815600359710877854e+00 4.717994097589039093e+00 1.000000000000000000e+00
7.988510642219139868e+00 1.004143963437714326e+01 2.000000000000000000e+00
1.801001816196275529e+00 4.866471375152125134e+00 0.000000000000000000e+00
4.667879561364335572e+00 4.969703220561187962e+00 1.000000000000000000e+00
2.535946426419408262e+00 4.845508806189471329e+00 1.000000000000000000e+00
8.445445308012896390e+00 6.378988364192001548e+00 2.000000000000000000e+00
8.189010757058390766e+00 6.681571522312593991e+00 2.000000000000000000e+00
1.915491972595370296e+00 2.702638117226496384e+00 0.000000000000000000e+00
6.399495661375718569e+00 8.351364232398422516e+00 2.000000000000000000e+00
2.225404011775166335e+00 4.687770338622187616e+00 1.000000000000000000e+00
6.561736050979168233e+00 8.979246738401576167e+00 2.000000000000000000e+00
6.929602919425322582e+00 8.392535898067238875e+00 2.000000000000000000e+00
3.746435089227972526e+00 2.224929712926565273e+00 0.000000000000000000e+00
9.134551558912663793e+00 8.973035610716969757e+00 2.000000000000000000e+00
6.152547462150288027e+00 9.784904647387373089e+00 2.000000000000000000e+00
3.407538714846730432e+00 2.695092062229861973e+00 1.000000000000000000e+00
3.988265785623442472e+00 4.289499325333045121e+00 1.000000000000000000e+00
7.321078756170364521e+00 4.399774669622685153e+00 1.000000000000000000e+00
6.238165309421551896e+00 8.040468177105065450e+00 2.000000000000000000e+00
5.539207009655062741e+00 3.851295770363054149e+00 1.000000000000000000e+00
8.093306633017331109e+00 8.253775724586711604e+00 2.000000000000000000e+00
7.387921114900318109e+00 1.046948770780639570e+01 2.000000000000000000e+00
3.135170058534412885e+00 5.608749082341701886e+00 1.000000000000000000e+00
2.853282185823733386e+00 2.860288269558927343e+00 0.000000000000000000e+00
7.339487805568987611e+00 9.292931125680571114e+00 2.000000000000000000e+00
1.524627124862017791e+00 3.477610181817557322e+00 0.000000000000000000e+00
2.021862836626552529e+00 2.531326183722108603e+00 0.000000000000000000e+00
1.002980204470317549e+00 2.893206013220774864e+00 0.000000000000000000e+00
4.497269098645976904e+00 5.237332699339596331e+00 1.000000000000000000e+00
3.785346157773977094e+00 6.021248126098901032e+00 1.000000000000000000e+00
7.715536785056718472e+00 1.063090625408037404e+01 2.000000000000000000e+00
1.673500501921815875e+00 1.657324210622564076e+00 0.000000000000000000e+00
3.809451702338547907e+00 5.233339126260121432e+00 1.000000000000000000e+00
6.650906303416768139e+00 9.239044705630444554e+00 2.000000000000000000e+00
3.289344229319217217e+00 6.131128600424961661e+00 1.000000000000000000e+00
5.196056374684097534e+00 9.269698846809770743e+00 2.000000000000000000e+00
8.922874977154475751e-01 2.982281682089857888e+00 0.000000000000000000e+00
4.333114550471498738e+00 2.967460211178412521e+00 1.000000000000000000e+00
5.885032495804497721e+00 7.698040973984037194e+00 2.000000000000000000e+00
2.366332014540058370e+00 1.955410618092208397e+00 0.000000000000000000e+00
4.100391722399547412e+00 5.321325833462587696e+00 1.000000000000000000e+00
1.454225832017432385e+00 2.801162137111103068e+00 0.000000000000000000e+00
3.306206065135448569e+00 2.395397030835623831e+00 0.000000000000000000e+00
1.044574737626310812e+00 3.585910431102615537e+00 0.000000000000000000e+00
5.541664060636035671e+00 9.951381812479946021e+00 2.000000000000000000e+00
7.138878874536170649e+00 7.795898650330297386e+00 2.000000000000000000e+00
4.614726275827448099e+00 4.651015809084447561e+00 1.000000000000000000e+00
4.680978927314050964e+00 6.762608901416648166e+00 1.000000000000000000e+00
3.142503175260228154e+00 4.065818156852050613e+00 1.000000000000000000e+00
4.935147779591074979e+00 6.812527815117540797e+00 1.000000000000000000e+00
5.291188902850875841e+00 4.883555851728336172e+00 1.000000000000000000e+00
6.774579917641921689e+00 8.702912578776112795e+00 2.000000000000000000e+00
7.964888136869626045e+00 1.142430661926451485e+01 2.000000000000000000e+00
4.679301144949662650e+00 6.427546951327344438e+00 1.000000000000000000e+00
7.034065862553851467e+00 9.008359162757482608e+00 2.000000000000000000e+00
2.962710830645015392e+00 4.075458788423952150e+00 1.000000000000000000e+00
7.181741029829530554e+00 9.152374207318905164e+00 2.000000000000000000e+00
3.010127177334724458e+00 3.920017933247763153e+00 0.000000000000000000e+00
8.537379807730998138e+00 1.057578344586216446e+01 2.000000000000000000e+00
6.580282130087161896e+00 7.773930038760283878e+00 2.000000000000000000e+00
1.232690173668265388e+00 3.674570706956003630e+00 0.000000000000000000e+00
7.471534268087284936e+00 1.032041791273181985e+01 2.000000000000000000e+00
6.839761884210311393e+00 9.722280123634716276e+00 2.000000000000000000e+00
6.376720006288483233e+00 8.479638972863305924e+00 2.000000000000000000e+00
3.244337234898035049e+00 6.851437894573509269e+00 1.000000000000000000e+00
2.232494559178737958e+00 3.682551406864485344e+00 0.000000000000000000e+00
4.342618493440946192e-01 4.013822466971705083e+00 0.000000000000000000e+00
4.839371995700332718e+00 9.406655649348538262e+00 2.000000000000000000e+00
4.175167729218069113e+00 4.946516307264843704e+00 1.000000000000000000e+00
6.898619218799284525e+00 8.667789320589580626e+00 2.000000000000000000e+00
2.128376990155944171e+00 4.760415183575322118e+00 0.000000000000000000e+00
6.569230260607731964e+00 9.944284729199289075e+00 2.000000000000000000e+00
3.616949598857300163e+00 3.502740881999904410e+00 0.000000000000000000e+00
2.443058442134968367e+00 4.387557871715655367e+00 1.000000000000000000e+00
6.565452780716779735e+00 4.535885094351794322e+00 1.000000000000000000e+00
7.085282982179146316e+00 9.213329269397654286e+00 2.000000000000000000e+00
1.693795987371628176e+00 3.827974642607246292e+00 0.000000000000000000e+00
2.636583409414630985e+00 4.409253389364008235e+00 0.000000000000000000e+00
5.102236732585342160e+00 3.770425746453571314e+00 1.000000000000000000e+00
2.806055253804768945e-01 3.057120996082092201e+00 0.000000000000000000e+00
6.980683993312419844e+00 9.269397452804861715e+00 2.000000000000000000e+00
4.307331067047058148e+00 5.068032034668412678e+00 1.000000000000000000e+00
6.589783180728334244e+00 8.546332875277000696e+00 2.000000000000000000e+00
2.095425087191257862e+00 3.921450068659511512e+00 0.000000000000000000e+00
4.603035910126698660e+00 5.314431933752470805e+00 1.000000000000000000e+00
7.088036096124880281e+00 8.258239768497460886e+00 2.000000000000000000e+00
7.225189434299650770e+00 9.535670589369818373e+00 2.000000000000000000e+00
3.597532375430383844e+00 3.523101018814519314e+00 1.000000000000000000e+00
3.813558728716115898e+00 4.644758486503038242e+00 1.000000000000000000e+00
7.418361916633598341e+00 9.729443073780986495e+00 2.000000000000000000e+00
3.759299498248013904e+00 4.144328607605501702e+00 1.000000000000000000e+00
8.007319676648139151e-01 3.863345317544021551e+00 0.000000000000000000e+00
8.701234965343076055e+00 9.147602435986806668e+00 2.000000000000000000e+00
8.826896513647222164e-01 3.234415697817092372e+00 0.000000000000000000e+00
4.967106548000201016e+00 8.551678344375046592e+00 2.000000000000000000e+00
7.631466234586026243e-01 3.875838927649299492e+00 0.000000000000000000e+00
5.850277211858857740e+00 9.425622579611037111e+00 2.000000000000000000e+00
7.923755969063964955e+00 6.546108069668733265e+00 2.000000000000000000e+00
4.261875478940340578e+00 4.412970994845196060e+00 1.000000000000000000e+00
5.839556806130563160e+00 1.052309671392798407e+01 2.000000000000000000e+00
4.814343129148925371e+00 5.780469929758374370e+00 1.000000000000000000e+00
2.190915484667466107e+00 5.100255136478842211e+00 0.000000000000000000e+00
1.406656245757580859e+00 3.510307596745255942e+00 0.000000000000000000e+00
4.858011452091081317e+00 3.641203158898070669e+00 1.000000000000000000e+00
6.728771284879738523e+00 1.086291308977347114e+01 2.000000000000000000e+00
-3.720122568079498038e-02 1.057410818523544460e+00 0.000000000000000000e+00
5.351847081392397065e+00 7.636723442954862939e+00 2.000000000000000000e+00
4.480846113265168462e+00 5.109318363905435589e+00 1.000000000000000000e+00
8.008195610910261664e+00 5.983968014790701062e+00 2.000000000000000000e+00
2.659049796100210195e+00 1.372561659383742638e+00 0.000000000000000000e+00
3.699023846044661390e+00 5.807455917005269974e+00 1.000000000000000000e+00
1.818972032918050541e+00 5.602265127538538003e+00 1.000000000000000000e+00
5.394081042500429746e+00 4.411220392831479487e+00 1.000000000000000000e+00
6.252473731420399972e+00 8.413319560302543465e+00 2.000000000000000000e+00
6.748147802749916657e+00 7.673510352223212649e+00 2.000000000000000000e+00
4.137828067439482282e+00 2.214466003079764711e+00 0.000000000000000000e+00
3.038736400969490159e+00 3.541675539606846002e+00 1.000000000000000000e+00
6.410570328748892877e+00 9.440234504380223157e+00 2.000000000000000000e+00
3.558805540619859542e+00 3.109402696425428214e+00 0.000000000000000000e+00
6.414478253222286597e+00 1.048814156677307707e+01 2.000000000000000000e+00
5.098688501047119459e+00 6.153212621374722247e+00 1.000000000000000000e+00
4.423003209583275641e+00 4.865751435369681133e+00 1.000000000000000000e+00
3.569319372926051059e+00 4.402031457499761657e+00 1.000000000000000000e+00
3.877845984888316888e+00 4.319148425982682227e+00 1.000000000000000000e+00
6.751694166813076770e+00 1.040250152628563995e+01 2.000000000000000000e+00
3.209200046224832015e+00 6.223722211960109441e+00 1.000000000000000000e+00
2.337220938308458784e+00 4.008065433075763018e+00 0.000000000000000000e+00
3.602874317143858196e+00 5.886089920206991621e+00 1.000000000000000000e+00
1.656099290789607714e+00 1.999830810127484204e+00 0.000000000000000000e+00
2.798844344746550306e+00 4.700905033238855779e+00 1.000000000000000000e+00
1.540057169159312789e+00 3.644353666030322181e+00 0.000000000000000000e+00
1.961304490733948969e+00 1.384227645296705278e+00 0.000000000000000000e+00
6.636946549205307910e+00 7.567932973851092093e+00 2.000000000000000000e+00
2.870969802532242099e+00 2.491542865724599487e+00 0.000000000000000000e+00
6.673255448618243157e+00 1.182729979405965004e+01 2.000000000000000000e+00
1.335874060737860969e+00 4.573571382366477422e+00 1.000000000000000000e+00
3.879110689513663335e+00 4.739439409377649071e+00 1.000000000000000000e+00
1.711002656990184168e+00 2.608183760191951528e+00 0.000000000000000000e+00
1.822367804016449044e+00 1.489543624912431197e+00 0.000000000000000000e+00
1.471828247736544304e+00 1.927031377843829496e+00 0.000000000000000000e+00
3.492787341758998299e-01 2.109444415836951414e+00 0.000000000000000000e+00
6.783844850600468490e+00 9.833678812862524765e+00 2.000000000000000000e+00
3.801062549716104133e+00 5.301960045406144850e+00 1.000000000000000000e+00
2.840861558141103860e+00 2.897112782426462196e+00 0.000000000000000000e+00
6.823063442774627951e+00 6.737384673654396749e+00 2.000000000000000000e+00
3.224529565296077926e+00 6.897510807139350497e+00 1.000000000000000000e+00
2.282675712248420474e+00 2.173902568152679571e+00 0.000000000000000000e+00
1.771234171129837609e+00 4.613361374563115902e+00 0.000000000000000000e+00
1.274402880865572518e+00 2.132231322376409555e+00 0.000000000000000000e+00
4.524750492296823801e+00 4.522875793530667821e+00 1.000000000000000000e+00
5.631691513630797452e+00 5.860891241018429731e+00 1.000000000000000000e+00
3.997094549724458545e+00 4.939369697720757735e+00 1.000000000000000000e+00
4.606548400413294608e+00 4.262710372240068324e+00 1.000000000000000000e+00
1.398843199350616517e+00 3.556073510077385258e+00 0.000000000000000000e+00
4.612232523128053430e+00 5.744884536440651779e+00 1.000000000000000000e+00
5.787025028823364003e+00 9.775480173872020728e+00 2.000000000000000000e+00
1.379999156051870735e+00 3.698032034072218810e+00 0.000000000000000000e+00
1.218088317313199331e+00 2.562491017171419028e+00 0.000000000000000000e+00
2.720573843686477922e+00 3.659790824096499584e+00 1.000000000000000000e+00
5.007966477600578337e+00 5.392334911124307517e+00 1.000000000000000000e+00
4.612067542553568433e-01 2.552104815283881223e+00 0.000000000000000000e+00
4.435986196296410000e+00 4.312512606939825410e+00 1.000000000000000000e+00
6.097168257496218047e+00 9.581509283241455677e+00 2.000000000000000000e+00
3.167075165999964081e+00 2.960331299909517710e+00 0.000000000000000000e+00
7.064717372187552691e+00 9.556998940172498180e+00 2.000000000000000000e+00
2.621082700839008517e+00 3.956121704124696326e+00 0.000000000000000000e+00
7.802556030209673033e-01 5.449368649061397285e+00 0.000000000000000000e+00
6.222361642624052891e+00 9.784273167107084390e+00 2.000000000000000000e+00
3.816938013038026600e+00 4.778971098211663993e+00 1.000000000000000000e+00
5.639020226095444066e+00 8.652990050888414331e+00 2.000000000000000000e+00
1.599121808211073414e+00 3.824005618450407873e+00 0.000000000000000000e+00
3.800060606778720373e+00 5.007388983706183794e+00 1.000000000000000000e+00
7.189198751825098377e+00 1.022393600891689758e+01 2.000000000000000000e+00
4.505053752292097258e+00 4.732995820658085329e+00 1.000000000000000000e+00
9.167937070050156123e+00 9.747963329337832050e+00 2.000000000000000000e+00
3.907567681458413933e+00 4.762124734543167648e+00 1.000000000000000000e+00
3.904658708340980944e+00 4.111056698560505041e+00 0.000000000000000000e+00
7.513364935613180862e+00 9.864501703522561726e+00 2.000000000000000000e+00
3.982545048163821821e+00 5.731402517125065543e+00 1.000000000000000000e+00
6.364153301416290986e+00 9.251473444471201901e+00 2.000000000000000000e+00
2.966539250229057068e+00 3.713049050303268928e+00 0.000000000000000000e+00
4.190699728969732973e+00 1.103639077108907518e+00 0.000000000000000000e+00
8.829906238047156464e+00 7.574843827737620217e+00 2.000000000000000000e+00
4.309317802204661874e+00 7.917308762873108030e+00 1.000000000000000000e+00
3.620482484466120532e+00 3.985196309141328719e+00 1.000000000000000000e+00
4.925501214702385333e+00 4.543012142406462672e+00 1.000000000000000000e+00
5.929711708403919701e+00 8.886218435686251027e+00 2.000000000000000000e+00
2.451284016040170766e+00 1.315940014131762759e+00 0.000000000000000000e+00
4.460044596694325847e+00 8.110038489678963458e+00 2.000000000000000000e+00
2.785226919634688159e+00 2.335132233032786608e+00 0.000000000000000000e+00
8.521865766667497510e+00 9.202447356913978638e+00 2.000000000000000000e+00
1.577143038609224668e+00 3.086464406524287440e+00 0.000000000000000000e+00
7.209012280070036027e+00 7.235591919369282365e+00 2.000000000000000000e+00
5.631935848655028387e+00 4.598211166168113095e+00 1.000000000000000000e+00
3.146900376399482724e+00 2.950297420841323959e+00 0.000000000000000000e+00
4.638929319419808905e+00 4.534340267566166816e+00 1.000000000000000000e+00
2.795026094424844842e+00 2.625561681156779237e+00 0.000000000000000000e+00
1.588360836811517407e+00 4.278528082841721591e+00 0.000000000000000000e+00
-7.930850001465401533e-01 4.937528813616079759e+00 0.000000000000000000e+00
4.199759555192627225e+00 5.932721413688091694e+00 1.000000000000000000e+00
6.555004997284083146e+00 7.783728977417860406e+00 2.000000000000000000e+00
7.963193097140422338e+00 7.036924932051400461e+00 2.000000000000000000e+00
6.047915928351179637e+00 7.863566898682304185e+00 2.000000000000000000e+00
4.425920176502815551e+00 5.049080397141630705e+00 1.000000000000000000e+00
2.777419205248862877e+00 2.881228827896910705e+00 0.000000000000000000e+00
7.300051258949338262e+00 8.436527089426512305e+00 2.000000000000000000e+00
7.801307608457432430e+00 9.395830551136148401e+00 2.000000000000000000e+00
2.012170468605378293e+00 5.861288515391450460e+00 1.000000000000000000e+00
2.455604218613301803e+00 3.453438960031342653e+00 1.000000000000000000e+00
3.769885936548732719e+00 4.508985567300889841e+00 1.000000000000000000e+00
3.620880389199161442e+00 6.797919366388111229e+00 1.000000000000000000e+00
3.121417708235664001e+00 3.408900537936827568e+00 0.000000000000000000e+00
5.956600393096313617e+00 9.518969371408346092e+00 2.000000000000000000e+00
3.570614026786986805e+00 4.525410132920591799e+00 1.000000000000000000e+00
2.780027135338629662e+00 2.370558395946219754e+00 0.000000000000000000e+00
6.887700916612660151e+00 9.804122851020473206e+00 2.000000000000000000e+00
5.381682068390023943e+00 1.086156510227749017e+01 2.000000000000000000e+00
6.204373387210875279e+00 8.289947451006947077e+00 2.000000000000000000e+00
7.645152653128578280e+00 1.028214183008931926e+01 2.000000000000000000e+00
4.132247778919784231e+00 4.436763395882543648e+00 1.000000000000000000e+00
3.365595289699153891e+00 4.474896606061061100e+00 1.000000000000000000e+00
6.923949033844969847e+00 8.673133921284454928e+00 2.000000000000000000e+00
6.546895048622066504e+00 8.259036657393641789e+00 2.000000000000000000e+00
2.451122938734598744e+00 2.305079098814760918e+00 0.000000000000000000e+00
3.068971622201262406e+00 3.040371431022839133e+00 0.000000000000000000e+00
7.767293626487417058e+00 7.519345380719732574e+00 2.000000000000000000e+00
4.546730265916425928e+00 4.522618337767339014e+00 1.000000000000000000e+00
7.648973606020049942e+00 8.414156252626385779e+00 2.000000000000000000e+00
6.301429337950145815e+00 6.670958877572994439e+00 2.000000000000000000e+00
7.577612335771712893e+00 9.280229155715666423e+00 2.000000000000000000e+00
5.677557028657750138e+00 9.602863002287344685e+00 2.000000000000000000e+00
8.159010638862955744e+00 7.844199728512464276e+00 2.000000000000000000e+00
3.575467908572380615e+00 4.206607898035567672e+00 0.000000000000000000e+00
3.073128060791375571e+00 4.817579593636902580e+00 1.000000000000000000e+00
1.816599802679976117e+00 4.101000202668481975e+00 0.000000000000000000e+00
7.633508870778593192e+00 7.307697451149614665e+00 2.000000000000000000e+00
2.932123423513444571e+00 4.923320637294268387e+00 1.000000000000000000e+00
4.021171828588149033e+00 5.428658739633886121e+00 1.000000000000000000e+00
2.060750195799506912e+00 3.211124755007716658e+00 0.000000000000000000e+00
1.894655287492457818e+00 3.630195670684910780e+00 0.000000000000000000e+00
1.889552973582683704e+00 2.382637936287639313e+00 0.000000000000000000e+00
2.816043684324061047e+00 2.387593026871176249e+00 0.000000000000000000e+00
4.848956844796042276e+00 9.136301005370272676e+00 2.000000000000000000e+00
6.776425112544779417e+00 7.928620119613299266e+00 2.000000000000000000e+00
1.791105766625221918e+00 3.586623191182197523e+00 0.000000000000000000e+00
9.050881542589581663e-01 3.169382433058668180e+00 0.000000000000000000e+00
6.224105176028133179e+00 7.994402778044026547e+00 2.000000000000000000e+00
5.217940900801346871e+00 3.059319035635106765e+00 1.000000000000000000e+00
1.804942659124098903e+00 3.805393424232181410e+00 0.000000000000000000e+00
2.684001328181953028e+00 2.646590017132985473e+00 0.000000000000000000e+00
3.119810935458420253e+00 4.980999478452683427e+00 1.000000000000000000e+00
4.382709905612065526e+00 7.185272912432736803e+00 2.000000000000000000e+00
5.623116958994128112e+00 8.583440940126099150e+00 2.000000000000000000e+00
4.658536871559795678e+00 5.998901648993280489e+00 1.000000000000000000e+00
3.383253574938833275e+00 4.986695778692503467e+00 1.000000000000000000e+00
1.960821743790503335e+00 2.771245828779787423e+00 0.000000000000000000e+00
7.218078497786168946e+00 8.682184433685218750e+00 2.000000000000000000e+00
6.961517537715220527e+00 8.517273137634450819e+00 2.000000000000000000e+00
8.425942027497550058e+00 1.045833833675249203e+01 2.000000000000000000e+00
5.005686680311216108e+00 5.353567216002629081e+00 1.000000000000000000e+00
7.872578989731724874e+00 9.310102596131700992e+00 2.000000000000000000e+00
2.865407629324678407e+00 6.984613031197173250e-01 0.000000000000000000e+00
7.299825201775290928e+00 7.143358577775932972e+00 2.000000000000000000e+00
5.667659433164717875e-02 3.352494364369333013e+00 0.000000000000000000e+00
4.516552466042370817e+00 4.742605003493170379e+00 1.000000000000000000e+00
3.331457112587592029e+00 2.712692136523981112e+00 0.000000000000000000e+00
8.648551089995606844e+00 1.045877321076627098e+01 2.000000000000000000e+00
2.798063795298943113e+00 2.898067960736399939e+00 0.000000000000000000e+00
4.507984336615379561e+00 4.675967670979993329e+00 1.000000000000000000e+00
3.540282318961931907e+00 6.705483517755442158e+00 1.000000000000000000e+00
2.900855949264411926e+00 2.316272140825666792e+00 0.000000000000000000e+00
2.693366225660384750e+00 2.241932671443767511e+00 0.000000000000000000e+00
2.104733052523533932e+00 5.089729117444651507e+00 1.000000000000000000e+00
4.094996110069160977e+00 5.080750988623019992e+00 1.000000000000000000e+00
3.022226998467032910e+00 5.171957132167590565e+00 1.000000000000000000e+00
1.557770720486827187e+00 3.323527353601432033e+00 0.000000000000000000e+00
2.372456851511442366e+00 2.851510196940606257e+00 0.000000000000000000e+00
7.010712426627732086e+00 9.544124083587552931e+00 2.000000000000000000e+00
4.160564991742511154e+00 4.879850024371251038e+00 1.000000000000000000e+00
4.572962725956756458e+00 5.457947076309741519e+00 1.000000000000000000e+00
2.156263850270083271e+00 2.809778974915138505e+00 0.000000000000000000e+00
3.738798080543488389e+00 5.863263398937414550e+00 1.000000000000000000e+00
7.293572087248256786e+00 8.638596139464860713e+00 2.000000000000000000e+00
7.011436571155416075e+00 1.043093279784263672e+01 2.000000000000000000e+00
1.777585971470091453e+00 4.470160343825740235e+00 0.000000000000000000e+00
3.040089153154095225e+00 2.081559961699974259e+00 0.000000000000000000e+00
1.268390223646984616e-01 3.920615118054956216e+00 0.000000000000000000e+00
7.839534222786214812e+00 8.344383312853654644e+00 2.000000000000000000e+00
1.733781493996378043e+00 3.032614546693358726e+00 0.000000000000000000e+00
2.984951671719211053e+00 4.071252427845890587e+00 0.000000000000000000e+00
3.731628695879423141e+00 4.868324373712981767e+00 1.000000000000000000e+00
7.144987327001106614e+00 1.101812185234036434e+01 2.000000000000000000e+00
1.625195312697347294e+00 2.250030382724333755e+00 0.000000000000000000e+00
5.736619058933552395e+00 7.675750782819681817e+00 2.000000000000000000e+00
8.633276209579037186e+00 9.258742494312263815e+00 2.000000000000000000e+00
4.329489966761476794e+00 4.707421064640091579e+00 1.000000000000000000e+00
3.642485785980987156e+00 5.522655174098122011e+00 1.000000000000000000e+00
1.585153098711764574e+00 3.451946037321222960e+00 0.000000000000000000e+00
6.997252604272026666e+00 1.033514132771863103e+01 2.000000000000000000e+00
4.054624102518115336e+00 3.053409536798347812e+00 0.000000000000000000e+00
2.450155512767179022e+00 4.765335100519071609e+00 0.000000000000000000e+00
-4.135030011737876876e-01 1.222433624194012580e+00 0.000000000000000000e+00
1.720902278456709844e+00 4.622849085954000792e+00 0.000000000000000000e+00
7.053782404427080266e+00 8.540418166827631552e+00 2.000000000000000000e+00
6.367409857610430102e+00 8.790153051473081902e+00 2.000000000000000000e+00
3.049090748949230267e+00 4.295649668476540839e+00 1.000000000000000000e+00
3.625504069916583028e-01 6.958602704037962994e+00 0.000000000000000000e+00
6.843064933017175555e+00 1.009684814785614115e+01 2.000000000000000000e+00
5.594464631822221534e+00 4.104558476050080174e+00 1.000000000000000000e+00
3.407540000241228384e+00 3.129101579710725556e+00 0.000000000000000000e+00
1.329337713710969426e+00 3.377563786320919359e+00 0.000000000000000000e+00
7.647375115851406058e+00 1.038682559394104388e+01 2.000000000000000000e+00
3.846763838232908128e+00 2.567491487352886903e+00 1.000000000000000000e+00
3.184452648795253804e+00 4.270073387712360891e+00 1.000000000000000000e+00
5.379879901070946602e+00 4.843157389485231334e+00 1.000000000000000000e+00
4.108030817312345206e+00 5.029417618970765780e+00 1.000000000000000000e+00
2.801861031871344832e+00 3.046567298424145420e+00 0.000000000000000000e+00
5.565969271047915612e+00 9.626906305970296174e+00 2.000000000000000000e+00
8.009090262672149407e+00 9.111972687496528778e+00 2.000000000000000000e+00
3.161439981674393884e+00 2.972470613732022038e+00 0.000000000000000000e+00
1.951799541259224835e+00 5.483883649341323441e+00 1.000000000000000000e+00
1.485075375594222091e+00 5.814625014984287965e+00 1.000000000000000000e+00
4.459781700210183608e+00 4.793669087955120034e+00 1.000000000000000000e+00
1.404332119089709785e+00 2.690878681358138014e+00 0.000000000000000000e+00
4.829894377431111607e+00 5.827791428292231402e+00 1.000000000000000000e+00
2.562761096619026180e+00 3.240737092237732320e+00 0.000000000000000000e+00
1.855555953271549541e+00 4.630437574662567002e+00 1.000000000000000000e+00
5.004093104601491149e+00 5.873005837315531608e+00 1.000000000000000000e+00
5.425926574866266172e+00 9.100593417679725405e+00 2.000000000000000000e+00
2.315634947241605346e+00 9.777987841759969712e-01 0.000000000000000000e+00
1.245602059003347195e+00 4.252868155233287872e+00 0.000000000000000000e+00
3.193821788046542931e+00 5.049061692373102872e+00 1.000000000000000000e+00
7.273827090666569184e+00 8.829916437314151878e+00 2.000000000000000000e+00
4.290787946468705982e+00 4.561945492512376354e+00 1.000000000000000000e+00
3.637387912422741287e+00 3.514843548674545737e+00 1.000000000000000000e+00
4.149369958114887069e+00 5.582087387483342766e+00 1.000000000000000000e+00
3.982182450946060825e+00 4.399861200764386915e+00 1.000000000000000000e+00
1.741017146599467713e+00 3.189293197558657589e+00 0.000000000000000000e+00
8.897160687385881062e+00 7.618608846878130336e+00 2.000000000000000000e+00
4.150016278727803432e+00 5.463534321731665422e+00 1.000000000000000000e+00
3.834717626649686739e+00 3.564382855494313773e+00 0.000000000000000000e+00
2.888181909224478705e+00 3.813448299054991608e+00 1.000000000000000000e+00
9.462356195736951747e-01 5.479852371153817181e+00 1.000000000000000000e+00
7.472793003684739865e+00 1.005420703563576623e+01 2.000000000000000000e+00
4.542645294566316494e+00 3.041830914400989183e+00 1.000000000000000000e+00
1.437694568980910192e+00 4.954878075009034433e+00 0.000000000000000000e+00
9.054474761985307651e+00 8.408433749733273288e+00 2.000000000000000000e+00
6.708867829205662048e+00 9.607715248472288749e+00 2.000000000000000000e+00
2.043668993178389126e+00 2.773685757486394898e+00 0.000000000000000000e+00
2.169869255347571801e+00 1.835992028838797863e+00 0.000000000000000000e+00
1.827571792449564247e+00 2.122141582078628019e+00 0.000000000000000000e+00
7.136104463885473592e+00 1.007293109799679343e+01 2.000000000000000000e+00
1.677582795986492403e+00 2.615945645331584579e+00 0.000000000000000000e+00
2.230094735364383407e+00 3.762011180312024639e+00 0.000000000000000000e+00
4.606403944303837150e+00 7.293717612357177416e+00 1.000000000000000000e+00
2.034943589363740202e+00 4.453917581608817677e+00 0.000000000000000000e+00
2.704742114718913015e+00 5.074320553682631463e+00 1.000000000000000000e+00
4.889039356702102879e+00 6.824818786589986530e+00 1.000000000000000000e+00
2.017409408300004703e+00 1.877981271253111650e+00 0.000000000000000000e+00
1.615167751167209564e+00 4.458108238609519880e+00 0.000000000000000000e+00
5.831038655200766918e+00 7.100536900378549454e+00 2.000000000000000000e+00
3.891101533161957171e+00 5.937554842867745819e+00 1.000000000000000000e+00
4.397880424881851269e+00 4.003989110911600591e+00 1.000000000000000000e+00
-1.424667290773684591e-01 2.169831135977291936e+00 0.000000000000000000e+00
5.929983095870889898e+00 9.613951564079821210e+00 2.000000000000000000e+00
4.561638096523405572e+00 6.514750382482251467e+00 1.000000000000000000e+00
7.186074517113353544e+00 8.811883166569034032e+00 2.000000000000000000e+00
1.581062102321876939e+00 2.520815084872594092e+00 0.000000000000000000e+00
3.659802177109870769e+00 3.742044160577335354e+00 0.000000000000000000e+00
2.950932254831383883e+00 5.316658895156654019e+00 1.000000000000000000e+00
5.562419529492963477e+00 4.129198447391939197e+00 1.000000000000000000e+00
7.354660486395919961e+00 8.203934750504672024e+00 2.000000000000000000e+00
4.140109881304752548e+00 3.580851222855513161e+00 1.000000000000000000e+00
3.786012218438471688e+00 6.145927354134322229e+00 1.000000000000000000e+00
6.977640627977151233e+00 7.599530022875599755e+00 2.000000000000000000e+00
5.689345434374605937e+00 8.499298424812492314e+00 2.000000000000000000e+00
3.713615084604826144e+00 4.129112350348038696e+00 1.000000000000000000e+00
6.357126405080368414e+00 9.835058365361147636e+00 2.000000000000000000e+00
2.743356543513862267e+00 1.490427315775956663e+00 0.000000000000000000e+00
1.138683639223958100e+00 3.674711525687972546e+00 0.000000000000000000e+00
3.451429260590935577e+00 2.381963152318421262e+00 0.000000000000000000e+00
6.011871813335236681e-01 3.081767818805616344e+00 0.000000000000000000e+00
2.512929820418008831e+00 2.701907164897284552e+00 0.000000000000000000e+00
6.448319756188988450e+00 8.683368357414540384e+00 2.000000000000000000e+00
4.096114142339520647e+00 5.152052340933429342e+00 1.000000000000000000e+00
1.964632075121289123e+00 5.110605053600709269e+00 0.000000000000000000e+00
2.885825798965907296e+00 3.189861649383095799e+00 0.000000000000000000e+00
6.254355950329766323e+00 9.048050706666463938e+00 2.000000000000000000e+00
2.846160647585033399e+00 2.140484059168013431e+00 0.000000000000000000e+00
8.165335441139207617e+00 9.196645294966904416e+00 2.000000000000000000e+00
5.155261755418150571e+00 5.346057746284674117e+00 1.000000000000000000e+00
4.501429589893330530e+00 4.521385926138815847e+00 1.000000000000000000e+00
8.010573711297539035e+00 9.207229946011500132e+00 2.000000000000000000e+00
7.857547553590394251e+00 9.137884867909827236e+00 2.000000000000000000e+00
4.353870426882840761e+00 4.813044983467250404e+00 1.000000000000000000e+00
8.648594077051084739e+00 9.432790199634538908e+00 2.000000000000000000e+00
1.913609434543473764e+00 5.361801640571046690e+00 1.000000000000000000e+00
3.044994409673897451e+00 3.608514698484849514e+00 0.000000000000000000e+00
1.011879406807052462e-01 1.882889307560887460e+00 0.000000000000000000e+00
5.937071237627648657e+00 8.745366934534397174e+00 2.000000000000000000e+00
4.664079547527372860e+00 3.688675617990506694e+00 1.000000000000000000e+00
3.163950519947615447e+00 5.107594938168515064e+00 1.000000000000000000e+00
2.740556451096274770e+00 2.046299398192065411e+00 0.000000000000000000e+00
3.258041923810679474e-01 3.825029824438985759e+00 0.000000000000000000e+00
2.901590720592795769e+00 3.502494338901868343e+00 0.000000000000000000e+00
7.933629628208885620e+00 7.236225284248709144e+00 2.000000000000000000e+00
5.496405311360214263e+00 6.670729221710924861e+00 1.000000000000000000e+00
5.896783653726913599e+00 7.910448901536958566e+00 2.000000000000000000e+00
8.156954884598025757e+00 9.540533161244612259e+00 2.000000000000000000e+00
7.004767831776312903e+00 9.554252539908761221e+00 2.000000000000000000e+00
1.129991776809148085e+00 3.369190469546873956e+00 0.000000000000000000e+00
2.134048196554623189e+00 4.202054862199705809e+00 0.000000000000000000e+00
5.541018041013021644e+00 9.952547818431494164e+00 2.000000000000000000e+00
1.691961486371700740e+00 5.327068407569367281e+00 1.000000000000000000e+00
6.574929024244413611e+00 1.065839933980792686e+01 2.000000000000000000e+00
8.493222800654054438e+00 8.071355724620648431e+00 2.000000000000000000e+00
5.818937102262202288e+00 9.738053685359302492e+00 2.000000000000000000e+00
3.423614429348987187e+00 3.903999174003526917e+00 0.000000000000000000e+00
3.627650753148906393e+00 3.338011696574475717e+00 0.000000000000000000e+00
3.797306092292537905e+00 5.145651817286487351e+00 1.000000000000000000e+00
9.113823759119444645e+00 9.324553515929073555e+00 2.000000000000000000e+00
3.131629387451426716e+00 4.519816816422198791e+00 0.000000000000000000e+00
2.429526140021964320e+00 2.393001601799953804e+00 0.000000000000000000e+00
2.367231813883864611e+00 4.232899192376237352e+00 0.000000000000000000e+00
6.550654152447607181e+00 1.008525132036994343e+01 2.000000000000000000e+00
2.050807754776029057e+00 2.363004353430646631e+00 0.000000000000000000e+00
3.963718711446297949e+00 4.167604652311310609e+00 1.000000000000000000e+00
5.919792286428087635e+00 3.608306123945966171e+00 1.000000000000000000e+00
4.964022632217417907e+00 5.440956000680443161e+00 1.000000000000000000e+00
3.232196253975439859e+00 4.635461950293362499e+00 1.000000000000000000e+00
3.963182343482972492e+00 5.112368488792219168e+00 1.000000000000000000e+00
3.460892380463078233e+00 3.592472801424019924e+00 0.000000000000000000e+00
6.443732031383732739e+00 6.399358190886905717e+00 2.000000000000000000e+00
4.931255678768119211e+00 5.949808815211329538e+00 1.000000000000000000e+00
8.912068746537096686e+00 8.869658067717994143e+00 2.000000000000000000e+00
2.661681076465982621e+00 3.986352180212064056e+00 0.000000000000000000e+00
8.330506115194856065e+00 8.989910231643472471e+00 2.000000000000000000e+00
4.385602292344325193e+00 5.718290735754342435e+00 1.000000000000000000e+00
4.318154199678689409e+00 4.980768365902362937e+00 1.000000000000000000e+00
3.442876928496309219e+00 2.460318437797507585e+00 0.000000000000000000e+00
2.160037069447830582e+00 3.876168921116224908e+00 0.000000000000000000e+00
8.319725911971925569e+00 9.913950814879116891e+00 2.000000000000000000e+00
5.599405553331349594e+00 1.054960885321126263e+01 2.000000000000000000e+00
4.174054466161728705e+00 5.177945557961610490e+00 1.000000000000000000e+00
1.436211265417697280e+00 3.089686407322590256e+00 0.000000000000000000e+00
4.531163793456225442e+00 5.004000841975375202e+00 1.000000000000000000e+00
5.293549620663307920e+00 4.561002336333721985e+00 1.000000000000000000e+00
3.051560343546203313e+00 4.576521702774464018e+00 1.000000000000000000e+00
7.930198205540386347e+00 9.405778986628549276e+00 2.000000000000000000e+00
4.208352921454252105e+00 4.271649914552627436e+00 1.000000000000000000e+00
5.079057054950729899e+00 4.313168374221611145e+00 1.000000000000000000e+00
1.689883226481939893e+00 5.651622358928611867e-01 0.000000000000000000e+00
7.452713622236363022e+00 1.055356522156210630e+01 2.000000000000000000e+00
2.986335187821242076e+00 3.213533901335441811e+00 0.000000000000000000e+00
3.076922042915670730e+00 4.869804791798324040e+00 1.000000000000000000e+00
5.385963952778938246e-01 2.483652091353977909e+00 0.000000000000000000e+00
2.403491641790799882e+00 3.593578523237066946e+00 0.000000000000000000e+00
7.505363441512554523e+00 9.514864837855844470e+00 2.000000000000000000e+00
7.080560370602087872e+00 9.917419766402240100e+00 2.000000000000000000e+00
1.930671303309517084e+00 2.891607932826460114e+00 0.000000000000000000e+00
6.536662032163668812e+00 9.296957367757309854e+00 2.000000000000000000e+00
7.590493866200305639e+00 1.007737656762638068e+01 2.000000000000000000e+00
2.729539223614520616e+00 5.282995533811001287e+00 1.000000000000000000e+00
3.160338569993769831e+00 3.369492716375723784e+00 0.000000000000000000e+00
4.288616715676805136e+00 5.058307382744083647e+00 1.000000000000000000e+00
5.001236055826665527e+00 9.213025726394855397e+00 2.000000000000000000e+00
1.655012789845020649e+00 2.769160256864530378e+00 0.000000000000000000e+00
5.322693985108640113e+00 5.194175016293777425e+00 1.000000000000000000e+00
4.208555962078166957e+00 1.100556157588798101e+01 2.000000000000000000e+00
3.685436138082712532e+00 3.654989979731624761e+00 1.000000000000000000e+00
4.718216382561853273e+00 4.253826289342653055e+00 1.000000000000000000e+00
7.433360352104489088e+00 8.770043977354111675e+00 2.000000000000000000e+00
-2.271126318500145125e-01 1.300666395277704224e+00 0.000000000000000000e+00
8.373332455126110574e+00 8.472580543032998790e+00 2.000000000000000000e+00
5.379758191606216933e+00 5.602450901239610204e+00 1.000000000000000000e+00
4.309816758607488474e+00 6.051320767848751281e+00 1.000000000000000000e+00
4.647924812312917986e+00 3.648350614682325688e+00 1.000000000000000000e+00
5.910464994898523727e+00 9.539138222070560502e+00 2.000000000000000000e+00
2.575666324818998376e+00 6.294182313259174322e+00 1.000000000000000000e+00
2.731141040826200239e+00 6.758759350083834327e+00 1.000000000000000000e+00
4.751337235160484340e+00 5.140395436447350086e+00 1.000000000000000000e+00
5.741650082717016268e+00 8.366207946303314102e+00 2.000000000000000000e+00
2.654580152586700326e+00 2.948811552392335944e+00 0.000000000000000000e+00
2.181038744357870929e+00 4.107175450949062778e+00 0.000000000000000000e+00
6.302190099873270057e+00 8.421674282980214699e+00 2.000000000000000000e+00
-5.064406526760611982e-01 8.858360780831739945e-01 0.000000000000000000e+00
7.438241393017532843e+00 8.578903114934187002e+00 2.000000000000000000e+00
6.863627490243501050e+00 7.630719594786675941e+00 2.000000000000000000e+00
2.106222724035217819e+00 1.474319683770642264e+00 0.000000000000000000e+00
5.887685709793592181e+00 9.731145369558563019e+00 2.000000000000000000e+00
3.963621356235905502e+00 6.900779319723826077e+00 1.000000000000000000e+00
1.864022673899410787e+00 2.202730214506870343e+00 0.000000000000000000e+00
7.489219193756492032e+00 7.883167742763749430e+00 2.000000000000000000e+00
4.580330112603228976e+00 4.026732414750759936e+00 1.000000000000000000e+00
2.680069839878104432e+00 2.680198401101328898e+00 0.000000000000000000e+00
2.488923392089797293e+00 4.128577934405042171e+00 1.000000000000000000e+00
6.582502177265835641e+00 9.131782300517523154e+00 2.000000000000000000e+00
4.318971825720460345e+00 5.264867625785770500e+00 1.000000000000000000e+00
2.529465324352709210e+00 3.137701209997385998e+00 0.000000000000000000e+00
3.940632097451501004e+00 6.448989404158235850e+00 1.000000000000000000e+00
2.853281221955622282e+00 2.586970690288967756e+00 0.000000000000000000e+00
3.744811764216479766e+00 2.238793099104896989e+00 0.000000000000000000e+00
1.066085344373498778e+00 2.466979673916400717e+00 0.000000000000000000e+00
7.764041420048110709e+00 1.068725522315520138e+01 2.000000000000000000e+00
4.501787285740337374e+00 9.384359353074659182e+00 2.000000000000000000e+00
6.230274147801678986e+00 4.451239170847614446e+00 1.000000000000000000e+00
4.725550518078732942e+00 4.675795780514788724e+00 1.000000000000000000e+00
2.438166347291237379e+00 4.122328321657092509e+00 0.000000000000000000e+00
4.528325706806398010e+00 2.751365222284539946e+00 0.000000000000000000e+00
7.146532072765073629e+00 9.251859703253503042e+00 2.000000000000000000e+00
5.657124638042925646e+00 6.417674012999360578e+00 1.000000000000000000e+00
9.160455726859277448e+00 1.099899201389710868e+01 2.000000000000000000e+00
6.303972328703844497e+00 1.093713158062431035e+01 2.000000000000000000e+00
2.804138489675517931e+00 7.505980285318672784e+00 1.000000000000000000e+00
5.536536328021098186e+00 4.999624991241644167e+00 1.000000000000000000e+00
9.038777139578559883e+00 8.603706708157357497e+00 2.000000000000000000e+00
2.752265879094179635e+00 6.462267982775474096e+00 1.000000000000000000e+00
1.122718481081811603e+00 2.132212777127074244e+00 0.000000000000000000e+00
2.186561390988284170e+00 3.410051647208256487e+00 0.000000000000000000e+00
8.349227678262710839e+00 7.724886135329836812e+00 2.000000000000000000e+00
6.036343415098961884e+00 9.373260973650443972e+00 2.000000000000000000e+00
4.590039464160829752e+00 4.320616217002765325e+00 1.000000000000000000e+00
6.833980130305335798e+00 1.016892637432787083e+01 2.000000000000000000e+00
5.558861945704105523e-01 2.495534137053548651e+00 0.000000000000000000e+00
7.805913307338590457e+00 8.780447832905833749e+00 2.000000000000000000e+00
1.745820132392631674e+00 4.399843942480986314e+00 0.000000000000000000e+00
6.868294437425708665e+00 1.117233279625542508e+01 2.000000000000000000e+00
3.620912285621747273e+00 2.193815182617775861e+00 0.000000000000000000e+00
4.014448415017786154e+00 3.520419965383887906e+00 1.000000000000000000e+00
3.773239807830416126e+00 3.435492146188803275e+00 1.000000000000000000e+00
5.456527386472776797e+00 5.316637235703957742e+00 1.000000000000000000e+00
7.303589759068776388e+00 8.199212960433232666e+00 2.000000000000000000e+00
1.467765979101822493e+00 4.118133396717695405e+00 0.000000000000000000e+00
7.113348255173290724e+00 8.675257735959032601e+00 2.000000000000000000e+00
5.040038454534480294e+00 5.573265448525039467e+00 1.000000000000000000e+00
3.693809113288081036e+00 3.196869779250291366e+00 0.000000000000000000e+00
7.383026869757205901e+00 9.941325584549538519e+00 2.000000000000000000e+00
6.172316042726997409e+00 9.963904597441958444e+00 2.000000000000000000e+00
7.666589919028588440e+00 7.464247791208109106e+00 2.000000000000000000e+00
6.156088512062196649e+00 7.826590093667905812e+00 2.000000000000000000e+00
4.050317086147135370e+00 5.650323214252345849e+00 1.000000000000000000e+00
7.211233661160039610e+00 1.104765483714355767e+01 2.000000000000000000e+00
6.552526727270363338e+00 9.188582912377706080e+00 2.000000000000000000e+00
8.407410594657887870e+00 8.913986486906862794e+00 2.000000000000000000e+00
6.627868084123877956e+00 9.915618885493232781e+00 2.000000000000000000e+00
2.954465752623105512e+00 5.355284507006229155e+00 1.000000000000000000e+00
3.114382976779792145e+00 2.413476061178407406e+00 0.000000000000000000e+00
3.673938694239863523e+00 4.969088582395864151e+00 1.000000000000000000e+00
2.300170319955827658e+00 2.647750153506481574e+00 0.000000000000000000e+00
3.171852410811726308e+00 4.889271585958901767e+00 1.000000000000000000e+00
3.298351467836036388e+00 4.592630314825616011e+00 1.000000000000000000e+00
4.672619748121478622e+00 7.428876969522979046e+00 1.000000000000000000e+00
8.808846014402720304e-01 4.956078903703641458e+00 0.000000000000000000e+00
7.557532641377321170e+00 8.557344590329847733e+00 2.000000000000000000e+00
9.215843335847917928e+00 9.826476557068435369e+00 2.000000000000000000e+00
2.248799161387770695e+00 2.703358847629137252e+00 0.000000000000000000e+00
6.812373650888774002e+00 8.851058770855525282e+00 2.000000000000000000e+00
5.108616757989675072e+00 4.297079597089831005e+00 1.000000000000000000e+00
9.384405138467876384e+00 8.925502584626812563e+00 2.000000000000000000e+00
5.319325527228688344e+00 7.188246285280861514e+00 2.000000000000000000e+00
1.831801160255283945e+00 2.825819655692009214e+00 0.000000000000000000e+00
1.308339248274690947e+00 2.603246473144022577e+00 0.000000000000000000e+00
1.763563048187013260e+00 3.727813499999649061e+00 0.000000000000000000e+00
2.417302004974862584e+00 3.784770651015589404e+00 0.000000000000000000e+00
3.038824601859413832e+00 5.186979646974258173e+00 0.000000000000000000e+00
4.599213235459258087e+00 3.529762910978686996e+00 1.000000000000000000e+00
3.101316806681353899e+00 5.319656941944593598e+00 1.000000000000000000e+00
4.445096710344571989e+00 5.098112246221991661e+00 1.000000000000000000e+00
4.419595237549559741e+00 4.908921265072820006e+00 1.000000000000000000e+00
2.393109244853983686e+00 1.176080147374806151e+00 0.000000000000000000e+00
6.814107822377754253e+00 9.549421826980179162e+00 2.000000000000000000e+00
1.819079697921849537e+00 2.396079372206742608e+00 0.000000000000000000e+00
1.298655573742823144e+00 2.462776976124661843e+00 0.000000000000000000e+00
7.988578084408598734e+00 8.757173578525817348e+00 2.000000000000000000e+00
8.176818734903663621e-01 2.334245481800873545e+00 0.000000000000000000e+00
4.146765263386889444e+00 5.571804878864989874e+00 1.000000000000000000e+00
2.276499304822183767e+00 2.266728396104687349e+00 0.000000000000000000e+00
8.574818019778598366e-01 2.650657277587122440e+00 0.000000000000000000e+00
2.969201972241216403e+00 4.728061200315449852e+00 1.000000000000000000e+00
3.338108165060327259e+00 5.259031901792003971e+00 1.000000000000000000e+00
1.374657998534011938e+00 2.406156932745490362e+00 0.000000000000000000e+00
6.626979807684943324e+00 7.667694706483571210e+00 2.000000000000000000e+00
6.527124440970447417e+00 7.592935889502477664e+00 2.000000000000000000e+00
1.353083311745091999e+00 3.901486891648711097e+00 0.000000000000000000e+00
9.028456397446378290e-01 3.838634747228377275e+00 0.000000000000000000e+00
5.081092993021091964e+00 6.724391719951887225e+00 1.000000000000000000e+00
3.964009818272808516e+00 6.037038981773907409e+00 1.000000000000000000e+00
4.317857879102255936e+00 4.573332715961547557e+00 1.000000000000000000e+00
1.718263730934387112e+00 5.056355523198293511e+00 0.000000000000000000e+00
5.030857112372030926e+00 3.824584625033457641e+00 0.000000000000000000e+00
4.558802988185111538e+00 3.495108716220487466e+00 1.000000000000000000e+00
9.150353807592894739e+00 9.941866175242125792e+00 2.000000000000000000e+00
5.152599135010603959e+00 4.775764227876501344e+00 1.000000000000000000e+00
9.781140553586906705e-01 3.794528239601082209e+00 0.000000000000000000e+00
5.462971133060437801e+00 9.503906219189701687e+00 2.000000000000000000e+00
6.034044791767509075e+00 9.318692542780464549e+00 2.000000000000000000e+00
2.692574347539355983e+00 2.521327643584338585e+00 0.000000000000000000e+00
1.442505278213956688e+00 3.939168744196487992e+00 0.000000000000000000e+00
4.586618518600844574e+00 6.175178687557354884e+00 1.000000000000000000e+00
4.394428030012112352e+00 5.725522558253558714e+00 1.000000000000000000e+00
7.560918058413346188e+00 8.078340945486205626e+00 2.000000000000000000e+00
3.353508973216006162e+00 3.551008451477954964e+00 1.000000000000000000e+00
7.683356254579269518e+00 9.608580050127695671e+00 2.000000000000000000e+00
5.312895411529728662e+00 5.023357027569657518e+00 1.000000000000000000e+00
5.566686201096143982e+00 4.762251901854636316e+00 1.000000000000000000e+00
5.963344132438197498e+00 9.545227590984845634e+00 2.000000000000000000e+00
2.495211323977960305e+00 2.825296840257498943e+00 0.000000000000000000e+00
4.954495666547687804e+00 5.095746771110134965e+00 1.000000000000000000e+00
6.339556809239846658e+00 8.183155574139810540e+00 2.000000000000000000e+00
2.250594578270777912e+00 6.325922683488482079e+00 1.000000000000000000e+00
5.060327509156807402e+00 3.288832340375507535e+00 1.000000000000000000e+00
2.492336555936648601e+00 2.319321858991114205e+00 0.000000000000000000e+00
3.640775904289261344e+00 5.505381902752917611e+00 1.000000000000000000e+00
8.717088733056323591e+00 8.195723007276786376e+00 2.000000000000000000e+00
4.434998324262840796e+00 5.910423603003083670e+00 1.000000000000000000e+00
1.177532811095748144e+00 3.721711292112692693e+00 0.000000000000000000e+00
2.319039096057098348e+00 2.750629624522590078e+00 0.000000000000000000e+00
5.504521866664671137e+00 4.421573027468354233e+00 1.000000000000000000e+00
1.722702003339634302e+00 4.930375460544871302e+00 1.000000000000000000e+00
3.133769442335437638e+00 1.900108732685969137e+00 0.000000000000000000e+00
4.354602052112827693e+00 4.787626714509380044e+00 1.000000000000000000e+00
7.895921481170953271e+00 7.893221130118545759e+00 2.000000000000000000e+00
6.583924455839817114e+00 9.631657100990874909e+00 2.000000000000000000e+00
5.495304138796086590e-02 2.084575631768293746e+00 0.000000000000000000e+00
8.835869545539928538e+00 9.187288694139656542e+00 2.000000000000000000e+00
6.699069283800600516e+00 9.251309632086277546e+00 2.000000000000000000e+00
3.198917879901507000e+00 3.185156417483943958e+00 0.000000000000000000e+00
4.072251899155884480e+00 6.009787334947558790e+00 1.000000000000000000e+00
9.711949873895155960e+00 7.901851367442780827e+00 2.000000000000000000e+00
2.515413801783241254e+00 1.885128947634063135e+00 0.000000000000000000e+00
7.165210586529253689e+00 9.976296298081267722e+00 2.000000000000000000e+00
1.820387705348642138e+00 3.501725109345165343e+00 0.000000000000000000e+00
3.032987628991790086e+00 6.217716255875353148e+00 1.000000000000000000e+00
7.331526730500708133e+00 7.958229717978711371e+00 2.000000000000000000e+00
1.520842901213919962e+00 3.350167158828278868e+00 0.000000000000000000e+00
7.185675353758885109e+00 9.637025318794858464e+00 2.000000000000000000e+00
2.017164726374088612e+00 2.570857721764906234e+00 0.000000000000000000e+00
6.551676893277417868e+00 9.692688911634514071e+00 2.000000000000000000e+00
1.670948450658919171e+00 4.347105464670497632e+00 0.000000000000000000e+00
5.734445794794680307e-01 4.767959948311026430e+00 0.000000000000000000e+00
8.138172769281077024e+00 9.295439664658639245e+00 2.000000000000000000e+00
6.274676863217950817e+00 1.098441124888512199e+01 2.000000000000000000e+00
2.836004719434268573e+00 4.543359110804483514e+00 0.000000000000000000e+00
1.863555256103966995e+00 2.880945812225190306e+00 0.000000000000000000e+00
4.279155453634663431e+00 6.640553648555268751e+00 1.000000000000000000e+00
1.856804254992762360e+00 4.032983778949750686e+00 0.000000000000000000e+00
4.049922488067856818e+00 5.219477493775436017e+00 1.000000000000000000e+00
3.810534914125456307e+00 1.694273077442262521e+00 0.000000000000000000e+00
5.591239757081600814e-01 4.232253070828436492e+00 0.000000000000000000e+00
2.141640537665804978e+00 4.836961390342509048e-01 0.000000000000000000e+00
1.200452509308240101e+00 2.708405404499167446e+00 0.000000000000000000e+00
2.441364443568581954e+00 2.899844766716500377e+00 0.000000000000000000e+00
5.834781997969963996e+00 8.574580975195038590e+00 2.000000000000000000e+00
1.998108517161996334e+00 1.603379575404568103e+00 0.000000000000000000e+00
5.927474698009041809e+00 9.290041364355504427e+00 2.000000000000000000e+00
8.156962497058231065e+00 8.827160628104527618e+00 2.000000000000000000e+00
7.699418643330382395e-01 3.550537495976215485e+00 0.000000000000000000e+00
6.582129382218093738e+00 8.103120413583882353e+00 2.000000000000000000e+00
9.270357212883550968e-01 3.495158611200316567e+00 0.000000000000000000e+00
2.285587325254258673e+00 3.885141164270728087e+00 0.000000000000000000e+00
3.273755930158776639e+00 4.967101749254734244e+00 0.000000000000000000e+00
